1071345684
822736836
1278013326
1081343324
148875082
1629544050
1499020304
144035446
951815893
1602081113
1186849143
577645357
2134096539
130430848
1255207082
1772911517
913229033
86658263
887117510
660901695
1365695011
1045664254
2069284479
1527780165
1052452378
1611743198
780837554
1877138921
1118908011
2068759916
1642224891
1275785283
1730398588
1815952510
533073666
354336903
2030925080
1287819779
123449238
1165306080
1499677206
36775529
375223394
273158071
386272625
237918934
1336093513
1291791739
1119687181
896802367
1222650130
697535418
1825163273
1968593124
1733768774
1167910874
462174180
123185021
654946042
972152696
808216299
1339109067
1229116548
1400965349
1244177088
1058891484
1162786278
290492699
676312697
730316945
1012398395
677157702
1094277089
252882976
189301907
32577147
991547901
1901579292
906947407
984659975
455663082
1741030887
1048100535
1806576452
866262761
315599998
592156169
292172610
215887336
1208510675
21205424
437193790
49996850
1864931364
1015975565
1531227081
977039733
904097652
829926646
150442539
1633839622
1216362371
551394160
1322486861
654934277
1962190761
916096526
1908204968
175218980
1448831069
1560691678
153090529
1748640878
1658200431
982509636
1680494095
1100377492
2141733500
1641718714
1145857648
628810513
2053526509
1585739286
32923678
710820131
1281958383
585710465
196244197
1899167309
8386530
1693204904
1887562252
1176670805
170708604
744705066
1011115022
918472539
1210786603
1299444080
446365322
560011254
1556907664
1629541184
132869783
742961267
1256887269
68961793
1882271821
1916429716
1514790885
1851092108
530714819
610941746
27253455
181437371
1610054200
291194129
1509599591
1090304073
1807109719
1251717334
1918422315
251771279
4644996
834003065
464476559
2107199532
300383365
1845181151
1689480712
1080442608
1693711819
1772398813
1429432047
2110597785
542057841
833404401
1969315155
1419580257
349865267
547137081
1800557016
113524337
1355980309
434898564
14582187
153274634
369472666
1262031672
574374738
406535916
1413320901
282497889
11660922
281463405
233494741
1886183051
1210066987
442426531
1254049053
1932528967
1592288461
1206289948
1643122861
1515662672
2136044865
1978994143
105328130
995116949
4932961
1611630152
1780996275
1017941489
1363703146
1294464967
1878706398
1929993125
190454247
13408501
2039315130
129634283
51912963
1207359057
1520846955
1670133826
974626874
1391037539
1073762523
630472710
479616828
1926082809
1585211832
1575893098
1308040618
1110744734
1470320778
2086913226
1474215034
740610386
964963903
1157039850
2144495182
1112010850
981320830
565885850
658340775
622142637
21297767
1749262734
697150119
2122026931
685404684
1381029201
1696011597
1381942149
1659933093
1683684181
2133079418
1399050511
1399050511
648057927
431843300
2096720456
328162063
1588463856
1838506138
962622001
919389291
1864126286
2076826145
1932244916
213832820
1630222547
1050910337
1763007567
1583601486
374551461
1865558461
703334602
112553436
1313237633
839303736
1755084723
2049690427
1831552399
353791665
1095749182
154477643
2046567701
70611627
297998714
1001950433
699213159
313901907
795892257
1400935870
438761006
1612818737
1129758713
1545954441
1276799774
612245816
639119524
415316480
814550918
989865573
1623834213
1642879315
951036380
1865226945
1885290582
1115808
1244228874
940361769
1277219660
1274028884
1075054793
1583181859
196742385
2093634867
1102411775
1473695311
167199611
1211127369
1998114748
1358651732
161485130
1677603467
551950127
1142500511
1540860310
683280774
1736951702
447402662
1168367323
1513701635
1919498166
1549056395
1581295471
195907263
960083394
